# Data for N1
consequences_N1 <- c("C1", "C2", "C3","C4", "C5", "C6","C7", "C8", "C9","C10", "C11", "C12","C13", "C14", "C15")
severity_N1 <- c(4, 2, 4,2, 1, 1, 1, 4, 2, 2, 3, 2, 4, 2, 2)
likelihood_N1 <- c( 1, 1, 1, 1, 1, 1, 1, 1, 1, 1, 1, 2, 1, 2, 2)


# Data for N2
consequences_N2 <- c("C16", "C17", "C18","C19", "C20", "C21", "C22", "C23", "C24","C25")
severity_N2 <- c(4, 2, 3, 4, 3, 2, 4, 2, 2, 4)
likelihood_N2 <- c( 1, 2, 2, 1, 1, 2, 1, 2, 1, 1)

# Data for N3
consequences_N3 <- c("C26", "C27", "C28","C29", "C30", "C31")
severity_N3 <- c(2, 2, 4, 3, 2, 3)
likelihood_N3 <- c(2, 2, 1, 2, 2, 2)

# Data for N4
consequences_N4 <- c( "c32", "c33", "c34", "c35", "c36", "c37", "c38", "c39", "c40", "C41", "C42", "C43","C44", "C45", "C46")
severity_N4 <- c(2, 2, 2, 2, 2, 2, 2, 2, 2, 2, 4, 4, 2, 1, 1)
likelihood_N4 <- c(1, 2, 2, 2, 2, 2, 2, 2, 2, 1, 1, 2, 1, 1, 1)


# Data for N5
consequences_N5 <- c("c47", "c48", "c49", "c50", "c51", "c52", "c53", "c54", "c55", "C56", "C57", "C58")
severity_N5 <- c(2, 2, 2, 2, 2, 2, 2, 3, 4, 3, 3, 4)
likelihood_N5 <- c(2, 2, 2, 2, 2, 2, 2, 1, 1, 1, 1, 2)


# Data for N6
consequences_N6 <- c("c59", "c60", "c61", "c62", "c63", "c64", "c65", "c66", "c67", "C68")
severity_N6 <- c(2, 4, 2, 4, 2, 4, 3, 2, 2, 2)
likelihood_N6 <- c(1, 1, 1, 1, 1, 1, 1, 2, 2, 2)


# Data for N7
consequences_N7 <- c("c69", "c70", "c71", "c72", "c73", "c74", "c75", "c76", "c77")
severity_N7 <- c(2,2,2,2,2,4,4,2,3)
likelihood_N7 <- c(1,1,2,2,1,1,2,1,2)


# Data for N8
consequences_N8 <- c("c78", "c79", "c80", "c81", "c82", "c83")
severity_N8 <- c(1,3,1,3,3,4)
likelihood_N8 <- c(1,1,1,1,1,1)


# Data for N9
consequences_N9 <- c("c84", "c85", "c86", "c87", "c88", "c89", "c90", "c91", "c92", "C93", "c94", "c95", "c96", "c97", "c98", "c99")
severity_N9 <- c(2,1,1,2,1,1,4,1,1,1,1,1,1,1,2,3)
likelihood_N9 <- c(1,1,1,1,1,1,1,1,1,1,1,1,1,1,1,1)

# Data for N10
consequences_N10 <- c("c100", "c101", "c102", "c103", "c104", "c105", "c106", "c107", "c108", "C109", "c110", "c111", "c112", "c113")
severity_N10 <- c(2,2,1,1,1,1,3,3,3,2,4,2,4,4)
likelihood_N10 <- c(1,1,1,3,3,3,2,1,1,2,1,1,1,1)

# Data for N11
consequences_N11 <- c("c114", "c115", "c116", "c117", "c118", "c119", "c120", "c121", "c122", "C123", "c124", "c125")
severity_N11 <- c(4,3,3,4,3,3,3,4,2,2,2,2)
likelihood_N11 <- c(1,1,1,1,1,1,1,1,3,3,3,1)

# Data for N12
consequences_N12 <- c("c126", "c127", "c128", "c129", "c130", "c131", "c132", "c133", "c134", "C135", "c136", "c137")
severity_N12 <- c(2,4,4,4,2,4,2,2,2,2,2,2)
likelihood_N12 <- c(1,1,1,1,1,1,1,1,1,1,1,1)

# Data for N13
consequences_N13 <- c("c138", "c139", "c140", "c141", "c142", "c143", "c144")
severity_N13 <- c(4,2,2,2,2,2,4)
likelihood_N13 <- c(1,1,1,3,3,3,1)

# Data for N14
consequences_N14 <- c("c145", "c146", "c147", "c148", "c149", "c150", "c151", "c152")
severity_N14 <- c(2,2,2,2,2,2,2,2)
likelihood_N14 <- c(2,2,2,2,2,2,2,2)

# Data for N15
consequences_N15 <- c("c153", "c154", "c155", "c156", "c157")
severity_N15 <- c(2,2,2,2,2)
likelihood_N15 <- c(1,1,2,2,2)

# Data for N16
consequences_N16 <- c("c158", "c159", "c160")
severity_N16 <- c(2,2,2)
likelihood_N16 <- c(1, 1, 1)

# Data for N17
consequences_N17 <- c("c161", "c162", "c163", "c164", "c165")
severity_N17 <- c(1,2,2,1,2)
likelihood_N17 <- c(1, 1, 1, 1, 1)

# Data for N18
consequences_N18 <- c("c166", "c167", "c168", "c169", "c170")
severity_N18 <- c(2,2,1,2,2)
likelihood_N18 <- c(2,2,3,2,3)

# Data for N19
consequences_N19 <- c("c171", "c172", "c173", "c174", "c175", "c176", "c177")
severity_N19 <- c(2,2,2,1,2,2,2)
likelihood_N19 <- c(2,2,1,3,2,2,3)

# Data for N20
consequences_N20 <- c("c178", "c179", "c180")
severity_N20 <- c(3,3,3)
likelihood_N20 <- c(1, 1, 1)

# Data for N21
consequences_N21 <- c("c181", "c182", "c183")
severity_N21 <- c(4,3,3)
likelihood_N21 <- c(1, 2,1)

# Data for N22
consequences_N22 <- c("c184", "c185", "c186", "c187", "c188")
severity_N22 <- c(2,2,2,1,2)
likelihood_N22 <- c(2,2,3,2,2)

# Data for N23
consequences_N23 <- c("c189", "c190")
severity_N23 <- c(3,1)
likelihood_N23 <- c(3,1)

# Data for N24
consequences_N24 <- c("c191", "c192")
severity_N24 <- c(3,2)
likelihood_N24 <- c(2,1)

# Data for N25
consequences_N25 <- c("c193", "c194")
severity_N25 <- c(3,2)
likelihood_N25 <- c(2,1)

# Data for N26
consequences_N26 <- c("c195", "c196")
severity_N26 <- c(2,1)
likelihood_N26 <- c(2,3)

# Load required libraries
library(dplyr)

# Combine data for all nodes
#data_all_nodes <- rbind(
  #data.frame(Node = "N1", Consequence = consequences_N1, Severity = severity_N1, Likelihood = likelihood_N1),
  #data.frame(Node = "N2", Consequence = consequences_N2, Severity = severity_N2, Likelihood = likelihood_N2),
  #data.frame(Node = "N3", Consequence = consequences_N3, Severity = severity_N3, Likelihood = likelihood_N3),
  #data.frame(Node = "N4", Consequence = consequences_N4, Severity = severity_N4, Likelihood = likelihood_N4),
  #data.frame(Node = "N5", Consequence = consequences_N5, Severity = severity_N5, Likelihood = likelihood_N5),
  #data.frame(Node = "N6", Consequence = consequences_N6, Severity = severity_N6, Likelihood = likelihood_N6),
  #data.frame(Node = "N7", Consequence = consequences_N7, Severity = severity_N7, Likelihood = likelihood_N7),
  #data.frame(Node = "N8", Consequence = consequences_N8, Severity = severity_N8, Likelihood = likelihood_N8),
  #data.frame(Node = "N9", Consequence = consequences_N9, Severity = severity_N9, Likelihood = likelihood_N9),
  #data.frame(Node = "N10", Consequence = consequences_N10, Severity = severity_N10, Likelihood = likelihood_N10),
  #data.frame(Node = "N11", Consequence = consequences_N11, Severity = severity_N11, Likelihood = likelihood_N11),
  #data.frame(Node = "N12", Consequence = consequences_N12, Severity = severity_N12, Likelihood = likelihood_N12),
  #data.frame(Node = "N13", Consequence = consequences_N13, Severity = severity_N13, Likelihood = likelihood_N13),
  #data.frame(Node = "N14", Consequence = consequences_N14, Severity = severity_N14, Likelihood = likelihood_N14),
  #data.frame(Node = "N15", Consequence = consequences_N15, Severity = severity_N15, Likelihood = likelihood_N15),
  #data.frame(Node = "N16", Consequence = consequences_N16, Severity = severity_N16, Likelihood = likelihood_N16),
  #data.frame(Node = "N17", Consequence = consequences_N17, Severity = severity_N17, Likelihood = likelihood_N17),
  #data.frame(Node = "N18", Consequence = consequences_N18, Severity = severity_N18, Likelihood = likelihood_N18),
  #data.frame(Node = "N19", Consequence = consequences_N19, Severity = severity_N19, Likelihood = likelihood_N19),
  #data.frame(Node = "N20", Consequence = consequences_N20, Severity = severity_N20, Likelihood = likelihood_N20),
  #data.frame(Node = "N21", Consequence = consequences_N21, Severity = severity_N21, Likelihood = likelihood_N21),
  #data.frame(Node = "N22", Consequence = consequences_N22, Severity = severity_N22, Likelihood = likelihood_N22),
  #data.frame(Node = "N23", Consequence = consequences_N23, Severity = severity_N23, Likelihood = likelihood_N23),
  #data.frame(Node = "N24", Consequence = consequences_N24, Severity = severity_N24, Likelihood = likelihood_N24),
  #data.frame(Node = "N25", Consequence = consequences_N25, Severity = severity_N25, Likelihood = likelihood_N25),
  #data.frame(Node = "N26", Consequence = consequences_N26, Severity = severity_N26, Likelihood = likelihood_N26)
#)

# Create data frames for all nodes
data_N1 <- data.frame(Node = "N1", Severity = severity_N1, Likelihood = likelihood_N1)
data_N2 <- data.frame(Node = "N2", Severity = severity_N2, Likelihood = likelihood_N2)
data_N3 <- data.frame(Node = "N3", Severity = severity_N3, Likelihood = likelihood_N3)
data_N4 <- data.frame(Node = "N4", Severity = severity_N4, Likelihood = likelihood_N4)
